id,player_name,team,tackles,tackles_won,defensive_third_tackles,middle_third_tackles,attacking_third_tackles,dribblers_tackled,dribblers_challenged,dribblers_tackled_percent,challenges_lost,blocks,shots_blocked,passses_blocked,interceptions,tackles_and_interceptions,clearances,shot_leading_errors
1,David Raya,Arsenal,0,0,0,0,0,0,2,0,2,0,0,0,2,2,21,9
2,William Saliba,Arsenal,62,37,37,23,2,21,28,75,7,25,15,10,21,83,119,7
3,Declan Rice,Arsenal,53,25,22,25,6,17,41,41.5,24,27,13,14,25,78,51,0
4,Thomas Partey,Arsenal,89,53,26,39,24,46,76,60.5,30,29,9,20,35,124,49,4
5,Leandro Trossard,Arsenal,31,20,6,16,9,12,34,35.3,22,32,0,32,9,40,18,0
6,Gabriel Magalhães,Arsenal,25,15,12,8,5,12,16,75,4,42,29,13,16,41,93,2
7,Jurriën Timber,Arsenal,58,38,17,30,11,18,27,66.7,9,19,4,15,22,80,44,1
8,Martin Ødegaard,Arsenal,19,11,9,7,3,4,25,16,21,5,0,5,6,25,6,1
9,Gabriel Martinelli,Arsenal,23,15,9,6,8,7,23,30.4,16,15,0,15,5,28,19,0
10,Kai Havertz,Arsenal,16,9,3,6,7,4,15,26.7,11,23,4,19,6,22,33,1
11,Bukayo Saka,Arsenal,29,15,9,11,9,13,24,54.2,11,22,0,22,3,32,8,0
12,Mikel Merino,Arsenal,46,28,7,26,13,20,36,55.6,16,18,5,13,15,61,26,2
13,Myles Lewis-Skelly,Arsenal,22,14,10,9,3,10,11,90.9,1,4,1,3,7,29,27,0
14,Ben White,Arsenal,20,14,10,4,6,16,38,42.1,22,10,8,2,16,36,44,0
15,Riccardo Calafiori,Arsenal,27,19,15,10,2,18,29,62.1,11,12,6,6,9,36,25,0
16,Ethan Nwaneri,Arsenal,11,7,4,4,3,7,21,33.3,14,8,2,6,2,13,4,1
17,Jakub Kiwior,Arsenal,22,8,13,7,2,11,15,73.3,4,13,8,5,6,28,58,3
18,Jorginho,Arsenal,12,4,1,7,4,8,20,40,12,3,0,3,7,19,2,2
19,Raheem Sterling,Arsenal,9,4,1,3,5,5,10,50,5,3,0,3,1,10,4,0
20,Gabriel Jesus,Arsenal,10,6,4,3,3,4,9,44.4,5,10,1,9,4,14,8,0
21,Oleksandr Zinchenko,Arsenal,6,1,1,3,2,3,8,37.5,5,8,1,7,5,11,10,0
22,Kieran Tierney,Arsenal,7,5,4,1,2,4,6,66.7,2,0,0,0,3,10,9,0
23,Nathan Butler-Oyedeji,Arsenal,0,0,0,0,0,0,0,0,0,0,0,0,0,0,0,0
24,Takehiro Tomiyasu,Arsenal,0,0,0,0,0,0,0,0,0,0,0,0,0,0,1,0
25,Reiss Nelson,Arsenal,1,0,0,1,0,0,1,0,1,0,0,0,0,1,1,0
28,Emiliano Martínez,Aston Villa,3,3,3,0,0,2,2,100,0,1,0,1,0,3,17,6
29,Morgan Rogers,Aston Villa,43,22,15,15,13,24,47,51.1,23,26,7,19,6,49,20,2
30,Youri Tielemans,Aston Villa,84,58,32,44,8,40,73,54.8,33,38,16,22,23,107,47,4
31,Ezri Konsa,Aston Villa,34,18,20,10,4,20,25,80,5,20,11,9,24,58,114,4
32,Ollie Watkins,Aston Villa,10,7,0,6,4,3,11,27.3,8,11,3,8,8,18,15,2
33,Lucas Digne,Aston Villa,65,38,40,16,9,44,66,66.7,22,23,4,19,25,90,89,1
34,John McGinn,Aston Villa,33,24,10,14,9,13,31,41.9,18,22,2,20,14,47,18,3
35,Matty Cash,Aston Villa,56,32,29,21,6,31,43,72.1,12,22,8,14,23,79,70,2
36,Pau Torres,Aston Villa,21,15,11,8,2,10,17,58.8,7,16,11,5,10,31,75,2
37,Boubacar Kamara,Aston Villa,50,21,28,18,4,29,56,51.8,27,19,7,12,19,69,51,3
38,Amadou Onana,Aston Villa,55,30,23,26,6,16,29,55.2,13,16,7,9,26,81,41,3
39,Jacob Ramsey,Aston Villa,30,15,14,10,6,10,20,50,10,23,4,19,8,38,8,1
40,Leon Bailey,Aston Villa,7,5,2,3,2,3,11,27.3,8,6,0,6,3,10,12,0
41,Tyrone Mings,Aston Villa,7,6,6,1,0,2,2,100,0,13,11,2,7,14,61,1
42,Ian Maatsen,Aston Villa,29,17,17,9,3,17,24,70.8,7,13,0,13,15,44,39,3
43,Marco Asensio,Aston Villa,7,5,0,7,0,3,9,33.3,6,7,1,6,2,9,3,0
44,Diego Carlos,Aston Villa,8,3,6,1,1,4,6,66.7,2,13,7,6,5,13,36,2
45,Axel Disasi,Aston Villa,8,5,7,1,0,3,7,42.9,4,4,1,3,5,13,18,0
46,Lamare Bogarde,Aston Villa,14,6,6,6,2,10,16,62.5,6,5,3,2,1,15,13,0
47,Andrés García,Aston Villa,9,5,5,3,1,4,8,50,4,2,0,2,2,11,10,2
48,Jáder Durán,Aston Villa,8,7,1,2,5,1,4,25,3,5,0,5,0,8,13,0
49,Marcus Rashford,Aston Villa,10,7,2,3,5,4,6,66.7,2,2,0,2,1,11,3,0
50,Ross Barkley,Aston Villa,14,3,4,10,0,9,14,64.3,5,9,3,6,10,24,5,0
51,Jaden Philogene Bidace,Aston Villa,11,5,4,7,0,4,6,66.7,2,5,0,5,3,14,2,1
52,Donyell Malen,Aston Villa,7,4,3,3,1,1,4,25,3,2,0,2,0,7,1,0
53,Robin Olsen,Aston Villa,1,0,1,0,0,1,1,100,0,0,0,0,0,1,2,1
54,Kosta Nedeljković,Aston Villa,7,5,1,3,3,2,3,66.7,1,1,0,1,0,7,3,0
55,Emi Buendía,Aston Villa,6,6,3,2,1,0,5,0,5,5,1,4,0,6,2,0
58,Milos Kerkez,Bournemouth,52,26,25,20,7,24,38,63.2,14,38,11,27,45,97,106,4
59,Antoine Semenyo,Bournemouth,55,35,17,25,13,16,43,37.2,27,67,9,58,11,66,39,2
60,Illia Zabarnyi,Bournemouth,52,36,31,20,1,34,50,68,16,33,20,13,41,93,182,2
61,Lewis Cook,Bournemouth,81,42,41,36,4,37,67,55.2,30,30,11,19,41,122,70,0
62,Kepa Arrizabalaga,Bournemouth,1,0,1,0,0,0,2,0,2,2,0,2,0,1,15,3
63,Justin Kluivert,Bournemouth,23,11,4,11,8,4,22,18.2,18,24,0,24,14,37,24,1
64,Evanilson,Bournemouth,16,10,6,5,5,8,12,66.7,4,11,2,9,1,17,21,0
65,Ryan Christie,Bournemouth,54,33,19,27,8,27,64,42.2,37,44,11,33,30,84,51,3
66,Dean Huijsen,Bournemouth,36,26,19,16,1,18,29,62.1,11,40,29,11,51,87,198,4
67,Dango Ouattara,Bournemouth,35,26,14,11,10,17,41,41.5,24,36,10,26,11,46,51,0
68,Tyler Adams,Bournemouth,83,50,26,49,8,39,72,54.2,33,33,10,23,32,115,42,0
69,Marcus Tavernier,Bournemouth,43,24,15,19,9,10,27,37,17,16,3,13,5,48,11,0
70,Adam Smith,Bournemouth,24,12,11,7,6,14,27,51.9,13,13,5,8,15,39,49,1
71,Marcos Senesi,Bournemouth,39,21,23,14,2,14,31,45.2,17,16,7,9,14,53,58,0
72,David Brooks,Bournemouth,14,6,2,8,4,2,16,12.5,14,18,2,16,5,19,9,1
73,Alex Scott,Bournemouth,27,14,11,8,8,19,42,45.2,23,17,4,13,10,37,15,0
74,Julian Araujo,Bournemouth,10,5,4,6,0,5,12,41.7,7,3,0,3,6,16,18,0
75,James Hill,Bournemouth,15,8,6,6,3,3,11,27.3,8,5,0,5,9,24,31,0
76,Mark Travers,Bournemouth,0,0,0,0,0,0,0,0,0,0,0,0,0,0,5,0
77,Enes Ünal,Bournemouth,1,0,0,0,1,0,3,0,3,1,0,1,0,1,6,0
78,Neto,Bournemouth,0,0,0,0,0,0,0,0,0,0,0,0,0,0,1,1
79,Luis Sinisterra,Bournemouth,7,2,3,2,2,0,4,0,4,3,0,3,1,8,8,0
80,Philip Billing,Bournemouth,14,5,7,6,1,3,4,75,1,3,0,3,5,19,2,0
81,Max Aarons,Bournemouth,2,2,1,1,0,1,1,100,0,3,1,2,1,3,0,0
82,Daniel Jebbison,Bournemouth,5,3,3,2,0,4,6,66.7,2,2,1,1,1,6,1,0
83,Ben Winterburn,Bournemouth,0,0,0,0,0,0,1,0,1,0,0,0,2,2,0,0
84,Julio Soler,Bournemouth,1,1,1,0,0,1,1,100,0,1,0,1,0,1,0,0
85,Remy Rees-Dottin,Bournemouth,0,0,0,0,0,0,0,0,0,0,0,0,0,0,0,0
86,Zain Silcott-Duberry,Bournemouth,1,1,0,0,1,1,1,100,0,0,0,0,0,1,0,0
89,Nathan Collins,Brentford,40,24,23,12,5,22,36,61.1,14,77,57,20,34,74,226,3
90,Bryan Mbeumo,Brentford,49,31,18,15,16,21,35,60,14,26,3,23,14,63,55,1
91,Mark Flekken,Brentford,4,4,4,0,0,3,9,33.3,6,2,0,2,0,4,26,4
92,Keane Lewis-Potter,Brentford,49,27,26,16,7,31,50,62,19,28,10,18,21,70,76,3
93,Yoane Wissa,Brentford,22,12,6,8,8,11,27,40.7,16,29,8,21,8,30,21,3
94,Mikkel Damsgaard,Brentford,83,44,27,29,27,31,81,38.3,50,40,3,37,27,110,31,2
95,Christian Nørgaard,Brentford,79,49,37,35,7,48,81,59.3,33,52,20,32,49,128,70,1
96,Sepp van den Berg,Brentford,39,24,25,10,4,19,29,65.5,10,52,38,14,21,60,134,3
97,Vitaly Janelt,Brentford,38,22,14,13,11,21,36,58.3,15,33,9,24,27,65,53,1
98,Kevin Schade,Brentford,39,25,17,10,12,13,23,56.5,10,19,4,15,5,44,34,0
99,Ethan Pinnock,Brentford,35,19,15,16,4,13,24,54.2,11,29,18,11,24,59,142,4
100,Kristoffer Ajer,Brentford,26,18,14,11,1,14,27,51.9,13,17,4,13,12,38,50,0
101,Yehor Yarmoliuk,Brentford,49,28,21,21,7,28,55,50.9,27,26,9,17,13,62,33,0
102,Mads Roerslev,Brentford,18,8,14,3,1,11,28,39.3,17,12,5,7,4,22,35,0
103,Mathias Jensen,Brentford,14,10,6,6,2,8,16,50,8,15,4,11,8,22,13,2
104,Michael Kayode,Brentford,17,11,12,5,0,9,13,69.2,4,3,0,3,7,24,19,0
105,Fabio Carvalho,Brentford,13,9,4,4,5,6,13,46.2,7,6,1,5,3,16,2,0
106,Ben Mee,Brentford,2,2,0,2,0,1,1,100,0,3,3,0,4,6,7,0
107,Thiago,Brentford,5,3,2,1,2,0,1,0,1,3,0,3,2,7,3,1
108,Hákon Rafn Valdimarsson,Brentford,0,0,0,0,0,0,0,0,0,0,0,0,0,0,2,0
109,Edmond-Paris Maghoma,Brentford,2,1,0,2,0,1,3,33.3,2,2,2,0,1,3,2,0
110,Rico Henry,Brentford,2,2,1,0,1,0,4,0,4,4,1,3,1,3,2,0
111,Yunus Emre Konak,Brentford,4,4,0,4,0,1,2,50,1,2,0,2,0,4,0,0
112,Kim Jisoo,Brentford,0,0,0,0,0,0,0,0,0,0,0,0,0,0,2,0
113,Frank Onyeka,Brentford,0,0,0,0,0,0,0,0,0,0,0,0,0,0,0,0
114,Gustavo Nunes,Brentford,3,2,2,0,1,2,2,100,0,0,0,0,0,3,2,0
115,Jayden Meghoma,Brentford,0,0,0,0,0,0,0,0,0,0,0,0,0,0,0,0
116,Ryan Trevitt,Brentford,1,1,1,0,0,0,0,0,0,0,0,0,0,1,0,0
119,Bart Verbruggen,Brighton,0,0,0,0,0,0,3,0,3,1,0,1,0,0,29,5
120,Jan Paul van Hecke,Brighton,45,29,24,19,2,23,41,56.1,18,37,22,15,24,69,142,2
121,Carlos Baleba,Brighton,79,46,26,37,16,48,80,60,32,47,11,36,46,125,44,1
122,Kaoru Mitoma,Brighton,45,27,15,14,16,19,49,38.8,30,48,3,45,14,59,10,0
123,Pervis Estupiñán,Brighton,65,43,33,25,7,34,51,66.7,17,20,5,15,37,102,65,2
124,Danny Welbeck,Brighton,26,16,6,15,5,8,20,40,12,19,4,15,5,31,14,0
125,Lewis Dunk,Brighton,17,10,8,7,2,11,19,57.9,8,28,18,10,13,30,79,2
126,João Pedro,Brighton,16,12,6,6,4,4,11,36.4,7,12,0,12,9,25,12,0
127,Yasin Ayari,Brighton,59,32,15,31,13,26,56,46.4,30,24,6,18,20,79,26,0
128,Jack Hinshelwood,Brighton,27,19,8,10,9,11,27,40.7,16,10,3,7,16,43,37,1
129,Yankuba Minteh,Brighton,48,35,25,13,10,17,45,37.8,28,22,0,22,11,59,31,0
130,Joël Veltman,Brighton,43,29,24,16,3,31,52,59.6,21,22,7,15,19,62,66,0
131,Georginio Rutter,Brighton,39,15,13,18,8,14,36,38.9,22,20,3,17,10,49,13,2
132,Simon Adingra,Brighton,23,14,10,8,5,10,26,38.5,16,12,0,12,8,31,6,2
133,Matt O'Riley,Brighton,16,9,4,8,4,4,13,30.8,9,7,3,4,13,29,9,1
134,Adam Webster,Brighton,10,6,5,4,1,6,14,42.9,8,16,9,7,20,30,41,2
135,Mats Wieffer,Brighton,58,34,27,27,4,32,47,68.1,15,18,2,16,17,75,28,3
136,Igor,Brighton,5,5,2,2,1,4,10,40,6,24,14,10,4,9,39,1
137,Tariq Lamptey,Brighton,17,11,8,9,0,9,25,36,16,15,7,8,7,24,23,1
138,Brajan Gruda,Brighton,16,8,6,6,4,7,14,50,7,8,0,8,2,18,5,1
139,Ferdi Kadioglu,Brighton,10,6,4,5,1,6,15,40,9,2,2,0,8,18,17,0
140,Diego Gómez,Brighton,21,13,11,8,2,12,22,54.5,10,13,0,13,8,29,10,1
141,James Milner,Brighton,5,2,1,3,1,3,3,100,0,4,2,2,2,7,2,1
142,Julio Enciso,Brighton,0,0,0,0,0,0,2,0,2,2,0,2,0,0,1,0
143,Evan Ferguson,Brighton,4,3,0,3,1,2,5,40,3,3,1,2,0,4,4,0
144,Jason Steele,Brighton,0,0,0,0,0,0,0,0,0,0,0,0,0,0,1,0
145,Solly March,Brighton,6,3,2,2,2,5,8,62.5,3,3,0,3,2,8,2,1
146,Billy Gilmour,Brighton,3,3,2,1,0,3,4,75,1,1,0,1,0,3,1,0
147,Eiran Cashin,Brighton,0,0,0,0,0,0,1,0,1,0,0,0,0,0,2,0
148,Jakub Moder,Brighton,1,0,1,0,0,0,2,0,2,0,0,0,0,1,3,0
149,Jeremy Sarmiento,Brighton,0,0,0,0,0,0,0,0,0,0,0,0,0,0,0,0
150,Harry Howell,Brighton,1,1,1,0,0,1,2,50,1,1,0,1,0,1,0,0
153,Moisés Caicedo,Chelsea,107,67,40,52,15,51,82,62.2,31,46,10,36,49,156,56,1
154,Cole Palmer,Chelsea,28,17,11,10,7,9,23,39.1,14,15,1,14,11,39,18,1
155,Levi Colwill,Chelsea,45,32,24,18,3,17,26,65.4,9,36,25,11,32,77,108,4
156,Marc Cucurella,Chelsea,61,39,30,26,5,27,54,50,27,46,15,31,25,86,86,3
157,Enzo Fernández,Chelsea,64,32,17,29,18,31,84,36.9,53,38,7,31,13,77,22,4
158,Robert Sánchez,Chelsea,0,0,0,0,0,0,1,0,1,0,0,0,2,2,22,9
159,Nicolas Jackson,Chelsea,22,13,6,7,9,5,10,50,5,15,2,13,3,25,15,0
160,Noni Madueke,Chelsea,22,15,7,12,3,13,36,36.1,23,17,0,17,8,30,11,0
161,Pedro Neto,Chelsea,22,9,9,9,4,8,19,42.1,11,14,2,12,9,31,6,0
162,Malo Gusto,Chelsea,44,28,27,15,2,25,48,52.1,23,29,8,21,24,68,48,5
163,Jadon Sancho,Chelsea,11,7,3,2,6,5,12,41.7,7,10,0,10,2,13,6,2
164,Wesley Fofana,Chelsea,13,12,6,7,0,6,14,42.9,8,14,9,5,14,27,55,2
165,Tosin Adarabioyo,Chelsea,14,10,10,4,0,8,12,66.7,4,9,7,2,10,24,62,0
166,Trevoh Chalobah,Chelsea,11,7,5,6,0,7,8,87.5,1,6,3,3,10,21,48,1
167,Roméo Lavia,Chelsea,22,13,5,13,4,10,21,47.6,11,6,0,6,16,38,10,1
168,Reece James,Chelsea,9,9,5,3,1,3,9,33.3,6,12,4,8,13,22,18,4
169,Christopher Nkunku,Chelsea,12,8,3,4,5,6,8,75,2,9,2,7,7,19,10,0
170,Filip Jørgensen,Chelsea,0,0,0,0,0,0,0,0,0,0,0,0,0,0,0,3
171,Axel Disasi,Chelsea,7,4,5,1,1,6,11,54.5,5,4,1,3,2,9,11,1
172,João Félix,Chelsea,8,3,2,5,1,5,9,55.6,4,2,0,2,3,11,2,0
173,Benoît Badiashile,Chelsea,9,6,5,4,0,4,5,80,1,2,2,0,6,15,12,2
174,Kiernan Dewsbury-Hall,Chelsea,8,5,1,1,6,4,6,66.7,2,2,0,2,1,9,8,1
175,Joshua Acheampong,Chelsea,2,1,2,0,0,2,2,100,0,1,0,1,1,3,2,0
176,Renato Veiga,Chelsea,9,6,6,3,0,4,12,33.3,8,3,1,2,1,10,2,0
177,Mykhailo Mudryk,Chelsea,2,2,2,0,0,0,0,0,0,3,1,2,0,2,1,0
178,Tyrique George,Chelsea,2,0,2,0,0,2,3,66.7,1,0,0,0,1,3,1,0
179,Marc Guiu,Chelsea,1,1,0,1,0,1,1,100,0,0,0,0,0,1,0,0
180,Mathis Amougou,Chelsea,0,0,0,0,0,0,0,0,0,0,0,0,0,0,0,0
181,Shumaira Mheuka,Chelsea,0,0,0,0,0,0,0,0,0,0,0,0,0,0,0,0
184,Dean Henderson,Crystal Palace,2,1,2,0,0,2,6,33.3,4,0,0,0,0,2,22,0
185,Daniel Muñoz,Crystal Palace,123,80,57,41,25,55,97,56.7,42,40,6,34,44,167,108,1
186,Tyrick Mitchell,Crystal Palace,91,55,57,27,7,25,46,54.3,21,68,12,56,19,110,108,2
187,Maxence Lacroix,Crystal Palace,68,41,52,15,1,32,47,68.1,15,48,22,26,54,122,207,2
188,Marc Guéhi,Crystal Palace,61,34,36,23,2,31,47,66,16,55,23,32,28,89,163,2
189,Jean-Philippe Mateta,Crystal Palace,18,12,5,11,2,3,16,18.8,13,19,4,15,2,20,23,0
190,Eberechi Eze,Crystal Palace,39,22,14,16,9,17,36,47.2,19,27,0,27,11,50,10,3
191,Ismaila Sarr,Crystal Palace,22,10,10,9,3,8,25,32,17,27,8,19,9,31,40,0
192,Jefferson Lerma,Crystal Palace,35,17,15,16,4,19,36,52.8,17,38,18,20,42,77,80,1
193,Will Hughes,Crystal Palace,66,36,20,33,13,28,62,45.2,34,31,14,17,22,88,28,3
194,Chris Richards,Crystal Palace,47,30,24,17,6,24,41,58.5,17,40,14,26,19,66,121,0
195,Adam Wharton,Crystal Palace,34,14,14,16,4,17,44,38.6,27,11,2,9,20,54,27,0
196,Daichi Kamada,Crystal Palace,47,29,19,24,4,14,41,34.1,27,22,5,17,18,65,14,0
197,Trevoh Chalobah,Crystal Palace,20,16,7,12,1,12,23,52.2,11,19,9,10,19,39,57,3
198,Eddie Nketiah,Crystal Palace,15,8,7,4,4,7,13,53.8,6,10,1,9,3,18,12,0
199,Nathaniel Clyne,Crystal Palace,12,8,8,3,1,6,11,54.5,5,4,2,2,3,15,14,1
200,Justin Devenny,Crystal Palace,17,12,7,9,1,8,19,42.1,11,6,1,5,0,17,11,0
201,Cheick Doucouré,Crystal Palace,16,8,6,8,2,5,11,45.5,6,4,0,4,11,27,10,1
202,Ben Chilwell,Crystal Palace,7,6,4,3,0,1,5,20,4,6,2,4,6,13,16,0
203,Romain Esse,Crystal Palace,9,6,4,3,2,5,5,100,0,2,0,2,1,10,2,0
204,Odsonne Édouard,Crystal Palace,1,0,0,1,0,0,2,0,2,1,0,1,0,1,1,0
205,Joachim Andersen,Crystal Palace,1,1,1,0,0,1,2,50,1,0,0,0,0,1,7,0
206,Chadi Riad,Crystal Palace,5,2,2,2,1,2,3,66.7,1,0,0,0,2,7,0,0
207,Joel Ward,Crystal Palace,2,0,0,2,0,0,0,0,0,0,0,0,0,2,3,0
208,Jeffrey Schlupp,Crystal Palace,2,0,1,0,1,0,3,0,3,6,0,6,0,2,2,0
209,Matheus França,Crystal Palace,2,0,0,2,0,0,0,0,0,1,1,0,1,3,1,0
210,Jordan Ayew,Crystal Palace,1,0,0,0,1,0,0,0,0,0,0,0,0,1,0,0
211,Caleb Kporha,Crystal Palace,2,1,2,0,0,2,2,100,0,0,0,0,0,2,1,0
212,Asher Agbinone,Crystal Palace,2,1,0,2,0,0,0,0,0,0,0,0,0,2,0,0
215,Jordan Pickford,Everton,1,0,1,0,0,1,2,50,1,0,0,0,1,2,30,2
216,Vitaliy Mykolenko,Everton,63,38,39,14,10,29,56,51.8,27,25,10,15,44,107,145,2
217,Idrissa Gana Gueye,Everton,133,80,61,55,17,58,99,58.6,41,48,9,39,48,181,36,1
218,James Tarkowski,Everton,64,40,39,22,3,24,39,61.5,15,57,42,15,41,105,213,4
219,Abdoulaye Doucouré,Everton,48,28,21,20,7,14,43,32.6,29,31,6,25,10,58,20,1
220,Iliman Ndiaye,Everton,53,28,20,16,17,22,49,44.9,27,30,5,25,20,73,24,1
221,Jarrad Branthwaite,Everton,36,20,26,10,0,20,28,71.4,8,31,23,8,27,63,191,4
222,Jack Harrison,Everton,32,22,12,12,8,15,46,32.6,31,18,2,16,10,42,35,2
223,Ashley Young,Everton,58,33,25,25,8,35,57,61.4,22,14,4,10,25,83,64,2
224,Dominic Calvert-Lewin,Everton,9,7,1,4,4,2,6,33.3,4,7,2,5,7,16,23,0
225,James Garner,Everton,47,31,25,20,2,24,41,58.5,17,20,4,16,23,70,37,0
226,Jake O'Brien,Everton,26,17,21,5,0,17,25,68,8,17,4,13,4,30,93,0
227,Beto,Everton,14,6,2,8,4,5,8,62.5,3,12,2,10,4,18,24,1
228,Dwight McNeil,Everton,13,8,6,5,2,9,21,42.9,12,7,0,7,6,19,2,1
229,Jesper Lindstrøm,Everton,45,25,24,19,2,19,55,34.5,36,15,3,12,12,57,17,0
230,Orel Mangala,Everton,16,8,3,11,2,5,8,62.5,3,8,3,5,21,37,24,1
231,Michael Keane,Everton,12,9,8,2,2,8,15,53.3,7,14,10,4,16,28,65,2
232,Carlos Alcaraz,Everton,11,5,5,3,3,3,11,27.3,8,9,2,7,5,16,10,0
233,Tim Iroegbunam,Everton,29,14,14,10,5,14,23,60.9,9,18,4,14,16,45,12,1
234,Armando Broja,Everton,3,1,1,1,1,0,0,0,0,3,0,3,1,4,4,0
235,Nathan Patterson,Everton,11,6,7,4,0,7,14,50,7,2,0,2,2,13,7,0
236,Séamus Coleman,Everton,3,2,2,1,0,3,4,75,1,5,3,2,1,4,8,0
237,Roman Dixon,Everton,5,5,3,2,0,4,4,100,0,1,0,1,1,6,3,0
238,Harrison Armstrong,Everton,0,0,0,0,0,0,1,0,1,0,0,0,0,0,1,0
239,Youssef Chermiti,Everton,0,0,0,0,0,0,1,0,1,0,0,0,0,0,0,0
240,Mason Holgate,Everton,0,0,0,0,0,0,0,0,0,0,0,0,0,0,0,0
243,Bernd Leno,Fulham,2,2,2,0,0,2,2,100,0,1,0,1,0,2,11,5
244,Antonee Robinson,Fulham,95,61,57,31,7,45,95,47.4,50,43,9,34,62,157,133,2
245,Alex Iwobi,Fulham,44,25,14,21,9,22,34,64.7,12,26,1,25,14,58,29,1
246,Calvin Bassey,Fulham,54,34,35,19,0,22,31,71,9,40,17,23,20,74,118,8
247,Raúl Jiménez,Fulham,35,24,9,17,9,8,22,36.4,14,21,5,16,10,45,23,3
248,Joachim Andersen,Fulham,27,18,20,6,1,15,24,62.5,9,37,28,9,34,61,188,1
249,Saša Lukić,Fulham,68,39,22,40,6,23,55,41.8,32,20,7,13,28,96,35,1
250,Sander Berge,Fulham,50,30,23,23,4,27,39,69.2,12,27,8,19,21,71,38,1
251,Emile Smith Rowe,Fulham,31,18,7,14,10,8,24,33.3,16,22,2,20,11,42,16,0
252,Andreas Pereira,Fulham,24,13,8,11,5,10,42,23.8,32,17,2,15,8,32,17,3
253,Kenny Tete,Fulham,56,38,29,14,13,23,38,60.5,15,31,12,19,32,88,67,0
254,Adama Traoré,Fulham,20,13,9,6,5,5,13,38.5,8,7,0,7,1,21,6,4
255,Timothy Castagne,Fulham,46,29,28,15,3,26,45,57.8,19,15,6,9,22,68,83,0
256,Issa Diop,Fulham,26,12,18,8,0,13,18,72.2,5,10,7,3,9,35,72,2
257,Harry Wilson,Fulham,20,14,13,3,4,12,18,66.7,6,15,1,14,7,27,10,1
258,Rodrigo Muniz,Fulham,10,5,3,5,2,4,4,100,0,9,2,7,5,15,14,0
259,Ryan Sessegnon,Fulham,27,13,11,11,5,9,20,45,11,13,1,12,3,30,18,0
260,Reiss Nelson,Fulham,8,6,3,3,2,5,13,38.5,8,11,0,11,5,13,2,0
261,Jorge Cuenca,Fulham,6,2,5,1,0,3,8,37.5,5,4,4,0,2,8,26,0
262,Tom Cairney,Fulham,13,5,5,2,6,4,7,57.1,3,7,1,6,4,17,3,1
263,Willian,Fulham,4,2,0,3,1,2,6,33.3,4,0,0,0,1,5,1,0
264,Joshua King,Fulham,7,5,3,4,0,0,3,0,3,3,0,3,1,8,1,0
265,Harrison Reed,Fulham,6,3,3,2,1,1,3,33.3,2,1,0,1,1,7,3,0
266,Martial Godo,Fulham,0,0,0,0,0,0,0,0,0,1,0,1,1,1,0,0
267,Carlos Vinícius,Fulham,0,0,0,0,0,0,1,0,1,1,0,1,0,0,0,0
268,Jay Stansfield,Fulham,0,0,0,0,0,0,0,0,0,0,0,0,0,0,0,0
271,Dara O'Shea,Ipswich Town,49,31,33,13,3,22,34,64.7,12,62,50,12,33,82,225,4
272,Leif Davis,Ipswich Town,46,27,33,9,4,30,48,62.5,18,25,8,17,25,71,77,3
273,Liam Delap,Ipswich Town,11,8,3,3,5,2,15,13.3,13,8,0,8,2,13,28,0
274,Sam Morsy,Ipswich Town,68,41,40,24,4,27,62,43.5,35,34,13,21,29,97,47,5
275,Omari Hutchinson,Ipswich Town,32,13,14,10,8,13,48,27.1,35,27,2,25,11,43,15,1
276,Jacob Greaves,Ipswich Town,40,21,20,17,3,22,35,62.9,13,41,26,15,21,61,148,3
277,Jens Cajuste,Ipswich Town,44,22,19,23,2,21,49,42.9,28,25,10,15,28,72,33,2
278,Axel Tuanzebe,Ipswich Town,31,19,21,4,6,17,26,65.4,9,21,10,11,23,54,56,1
279,Arijanet Muric,Ipswich Town,0,0,0,0,0,0,2,0,2,0,0,0,0,0,10,5
280,Cameron Burgess,Ipswich Town,17,12,14,3,0,9,11,81.8,2,20,15,5,14,31,128,3
281,Ben Johnson,Ipswich Town,38,22,23,12,3,20,41,48.8,21,22,5,17,13,51,54,1
282,Kalvin Phillips,Ipswich Town,35,19,8,20,7,15,39,38.5,24,35,6,29,19,54,37,2
283,Alex Palmer,Ipswich Town,0,0,0,0,0,0,0,0,0,0,0,0,0,0,12,0
284,Sammie Szmodics,Ipswich Town,16,10,4,10,2,7,26,26.9,19,10,2,8,6,22,14,0
285,Luke Woolfenden,Ipswich Town,9,6,5,4,0,2,5,40,3,21,14,7,19,28,76,0
286,Jack Clarke,Ipswich Town,32,20,11,10,11,17,34,50,17,9,0,9,7,39,29,2
287,Wes Burns,Ipswich Town,13,11,1,9,3,4,10,40,6,7,2,5,10,23,13,2
288,Julio Enciso,Ipswich Town,12,9,3,6,3,4,11,36.4,7,8,1,7,1,13,6,0
289,Conor Chaplin,Ipswich Town,15,5,6,6,3,6,14,42.9,8,8,1,7,4,19,3,0
290,Nathan Broadhead,Ipswich Town,9,4,3,6,0,3,12,25,9,8,1,7,4,13,5,0
291,Christian Walton,Ipswich Town,0,0,0,0,0,0,1,0,1,0,0,0,0,0,2,1
292,George Hirst,Ipswich Town,3,3,1,0,2,1,4,25,3,1,1,0,2,5,10,0
293,Jaden Philogene Bidace,Ipswich Town,14,7,6,6,2,8,15,53.3,7,11,1,10,10,24,9,1
294,Jack Taylor,Ipswich Town,20,10,6,11,3,12,27,44.4,15,12,3,9,9,29,24,0
295,Harry Clarke,Ipswich Town,5,3,3,2,0,3,6,50,3,5,4,1,4,9,14,3
296,Conor Townsend,Ipswich Town,11,8,9,2,0,8,11,72.7,3,8,6,2,4,15,16,0
297,Chiedozie Ogbene,Ipswich Town,7,3,1,2,4,2,4,50,2,1,0,1,1,8,3,0
298,Massimo Luongo,Ipswich Town,9,6,6,2,1,5,8,62.5,3,4,2,2,2,11,2,0
299,Ben Godfrey,Ipswich Town,1,0,1,0,0,1,1,100,0,1,1,0,2,3,3,0
300,Ali Al Hamadi,Ipswich Town,1,0,0,0,1,0,2,0,2,0,0,0,0,1,2,0
301,Marcus Harness,Ipswich Town,1,0,0,0,1,0,3,0,3,2,1,1,0,1,1,0
302,George Edmundson,Ipswich Town,0,0,0,0,0,0,0,0,0,0,0,0,0,0,0,0
305,Jamie Vardy,Leicester City,19,13,7,7,5,4,13,30.8,9,8,4,4,5,24,24,0
306,James Justin,Leicester City,58,37,29,23,6,32,55,58.2,23,48,17,31,46,104,141,3
307,Wout Faes,Leicester City,42,26,26,14,2,25,48,52.1,23,48,35,13,26,68,185,4
308,Victor Bernth Kristiansen,Leicester City,87,51,56,26,5,49,91,53.8,42,38,15,23,42,129,75,3
309,Wilfred Ndidi,Leicester City,85,51,45,32,8,30,61,49.2,31,47,19,28,31,116,80,0
310,Mads Hermansen,Leicester City,1,1,1,0,0,1,1,100,0,1,0,1,0,1,13,4
311,Bilal El Khannouss,Leicester City,50,30,16,29,5,17,32,53.1,15,22,4,18,6,56,10,3
312,Boubakary Soumaré,Leicester City,37,20,24,12,1,21,33,63.6,12,22,10,12,27,64,34,4
313,Conor Coady,Leicester City,13,9,6,6,1,3,6,50,3,32,24,8,13,26,71,2
314,Jordan Ayew,Leicester City,27,15,8,14,5,7,23,30.4,16,21,2,19,12,39,19,0
315,Harry Winks,Leicester City,24,11,12,10,2,13,30,43.3,17,19,7,12,9,33,20,0
316,Stephy Mavididi,Leicester City,34,19,16,10,8,14,42,33.3,28,26,2,24,11,45,15,0
317,Jannik Vestergaard,Leicester City,22,10,16,6,0,9,15,60,6,21,14,7,16,38,74,1
318,Facundo Buonanotte,Leicester City,53,32,17,22,14,21,67,31.3,46,34,6,28,12,65,14,0
319,Luke Thomas,Leicester City,31,25,23,5,3,21,41,51.2,20,15,6,9,21,52,49,1
320,Caleb Okoli,Leicester City,25,14,8,15,2,11,18,61.1,7,24,14,10,15,40,79,3
321,Oliver Skipp,Leicester City,21,4,6,12,3,9,15,60,6,23,7,16,11,32,11,2
322,Jakub Stolarczyk,Leicester City,2,1,2,0,0,1,2,50,1,0,0,0,0,2,6,1
323,Kasey McAteer,Leicester City,23,16,11,9,3,14,29,48.3,15,18,2,16,5,28,15,0
324,Bobby De Cordova-Reid,Leicester City,9,4,3,6,0,4,14,28.6,10,6,1,5,0,9,10,0
325,Patson Daka,Leicester City,19,10,6,9,4,7,18,38.9,11,7,1,6,1,20,12,0
326,Abdul Fatawu Issahaku,Leicester City,21,15,13,2,6,11,19,57.9,8,7,0,7,4,25,12,0
327,Ricardo Pereira,Leicester City,13,8,4,6,3,7,14,50,7,8,3,5,4,17,11,0
328,Danny Ward,Leicester City,0,0,0,0,0,0,0,0,0,0,0,0,0,0,1,0
329,Hamza Choudhury,Leicester City,1,1,1,0,0,1,3,33.3,2,4,2,2,5,6,2,0
330,Woyo Coulibaly,Leicester City,6,4,4,2,0,2,2,100,0,3,1,2,5,11,1,0
331,Jeremy Monga,Leicester City,2,1,0,1,1,1,1,100,0,3,2,1,0,2,1,0
332,Odsonne Édouard,Leicester City,1,1,1,0,0,0,0,0,0,0,0,0,0,1,1,0
333,Jake Evans,Leicester City,1,1,0,0,1,0,1,0,1,0,0,0,0,1,1,0
334,Olabade Aluko,Leicester City,1,1,0,0,1,1,1,100,0,0,0,0,0,1,0,0
335,Will Alves,Leicester City,0,0,0,0,0,0,0,0,0,0,0,0,0,0,0,0
336,Michael Golding,Leicester City,0,0,0,0,0,0,0,0,0,0,0,0,0,0,0,0
339,Mohamed Salah,Liverpool,21,11,7,5,9,8,17,47.1,9,12,0,12,9,30,5,0
340,Virgil van Dijk,Liverpool,38,20,17,19,2,13,22,59.1,9,27,16,11,56,94,190,4
341,Ryan Gravenberch,Liverpool,69,35,27,29,13,32,56,57.1,24,35,10,25,60,129,59,2
342,Alexis Mac Allister,Liverpool,95,58,28,51,16,55,104,52.9,49,61,6,55,22,117,29,1
343,Ibrahima Konaté,Liverpool,40,26,25,13,2,25,35,71.4,10,29,15,14,17,57,133,3
344,Dominik Szoboszlai,Liverpool,38,20,14,19,5,17,45,37.8,28,39,5,34,9,47,19,2
345,Andrew Robertson,Liverpool,39,22,25,10,4,31,51,60.8,20,10,4,6,21,60,54,2
346,Alisson,Liverpool,1,0,1,0,0,0,1,0,1,0,0,0,0,1,13,1
347,Luis Díaz,Liverpool,39,26,13,20,6,15,39,38.5,24,19,0,19,7,46,7,1
348,Trent Alexander-Arnold,Liverpool,72,50,44,19,9,49,105,46.7,56,26,9,17,31,103,55,4
349,Cody Gakpo,Liverpool,28,16,6,13,9,13,25,52,12,23,3,20,12,40,19,1
350,Curtis Jones,Liverpool,39,22,6,23,10,17,27,63,10,22,9,13,7,46,10,3
351,Diogo Jota,Liverpool,14,8,2,8,4,7,19,36.8,12,9,0,9,8,22,6,0
352,Caoimhín Kelleher,Liverpool,0,0,0,0,0,0,0,0,0,0,0,0,0,0,1,2
353,Kostas Tsimikas,Liverpool,31,20,15,11,5,14,23,60.9,9,5,2,3,11,42,20,0
354,Darwin Núñez,Liverpool,21,18,11,4,6,7,18,38.9,11,6,0,6,4,25,12,0
355,Conor Bradley,Liverpool,14,10,7,5,2,11,22,50,11,9,2,7,4,18,31,0
356,Joe Gomez,Liverpool,13,10,5,7,1,11,16,68.8,5,9,6,3,7,20,20,2
357,Jarell Quansah,Liverpool,12,8,8,4,0,7,10,70,3,10,7,3,7,19,28,1
358,Harvey Elliott,Liverpool,5,3,3,1,1,2,8,25,6,7,2,5,1,6,3,1
359,Wataru Endo,Liverpool,12,8,7,5,0,6,10,60,4,8,1,7,6,18,9,0
360,Federico Chiesa,Liverpool,1,0,0,1,0,0,2,0,2,1,0,1,0,1,1,1
361,Vitezslav Jaros,Liverpool,0,0,0,0,0,0,0,0,0,0,0,0,0,0,0,0
362,Jayden Danns,Liverpool,0,0,0,0,0,0,1,0,1,0,0,0,0,0,0,0
365,Joško Gvardiol,Manchester City,54,36,24,19,11,20,38,52.6,18,41,20,21,39,93,117,8
366,Erling Haaland,Manchester City,10,5,3,3,4,2,6,33.3,4,11,1,10,5,15,23,0
367,Bernardo Silva,Manchester City,53,35,15,29,9,24,52,46.2,28,33,7,26,20,73,29,3
368,Ederson,Manchester City,0,0,0,0,0,0,2,0,2,0,0,0,1,1,9,2
369,Mateo Kovačić,Manchester City,68,38,22,38,8,31,65,47.7,34,20,0,20,22,90,20,1
370,Rúben Dias,Manchester City,16,10,6,9,1,7,11,63.6,4,19,16,3,18,34,61,3
371,İlkay Gündoğan,Manchester City,24,13,4,15,5,10,23,43.5,13,14,0,14,13,37,22,0
372,Rico Lewis,Manchester City,30,19,13,12,5,13,21,61.9,8,28,7,21,13,43,45,1
373,Manuel Akanji,Manchester City,17,11,10,4,3,9,15,60,6,11,8,3,7,24,61,3
374,Sávio,Manchester City,23,17,5,10,8,10,19,52.6,9,14,2,12,6,29,9,1
375,Phil Foden,Manchester City,12,5,5,4,3,7,18,38.9,11,13,1,12,9,21,7,1
376,Kevin De Bruyne,Manchester City,17,9,7,5,5,5,23,21.7,18,8,0,8,7,24,10,1
377,Matheus Nunes,Manchester City,32,21,13,13,6,15,34,44.1,19,14,3,11,13,45,35,1
378,Jeremy Doku,Manchester City,30,21,9,12,9,8,15,53.3,7,10,1,9,4,34,2,0
379,Stefan Ortega,Manchester City,0,0,0,0,0,0,1,0,1,0,0,0,0,0,11,1
380,Omar Marmoush,Manchester City,11,6,2,7,2,7,15,46.7,8,15,1,14,5,16,3,0
381,Kyle Walker,Manchester City,17,10,7,7,3,14,26,53.8,12,13,4,9,3,20,13,1
382,Nathan Aké,Manchester City,9,7,7,2,0,4,6,66.7,2,7,2,5,3,12,22,1
383,Nicolás González,Manchester City,15,6,5,6,4,6,11,54.5,5,9,0,9,5,20,17,0
384,Jack Grealish,Manchester City,9,5,4,2,3,2,5,40,3,12,2,10,2,11,5,1
385,John Stones,Manchester City,6,2,3,2,1,5,5,100,0,5,3,2,4,10,19,1
386,Nico O’Reilly,Manchester City,9,4,3,3,3,4,8,50,4,5,1,4,4,13,12,0
387,Abdukodir Khusanov,Manchester City,5,4,4,1,0,2,3,66.7,1,5,4,1,3,8,29,1
388,James Mcatee,Manchester City,5,2,0,4,1,1,7,14.3,6,8,0,8,2,7,1,0
389,Jahmai Simpson-Pusey,Manchester City,1,0,1,0,0,0,1,0,1,1,1,0,0,1,2,0
390,Rodri,Manchester City,2,1,1,1,0,0,0,0,0,1,0,1,1,3,0,0
391,Divin Mubama,Manchester City,0,0,0,0,0,0,0,0,0,0,0,0,0,0,0,0
392,Oscar Bobb,Manchester City,0,0,0,0,0,0,0,0,0,0,0,0,0,0,0,0
393,Vitor Reis,Manchester City,0,0,0,0,0,0,0,0,0,0,0,0,0,0,1,0
396,Bruno Fernandes,Manchester United,84,50,27,38,19,34,85,40,51,35,6,29,26,110,35,3
397,André Onana,Manchester United,2,2,2,0,0,2,4,50,2,0,0,0,0,2,11,4
398,Noussair Mazraoui,Manchester United,115,68,58,42,15,59,94,62.8,35,36,9,27,34,149,95,1
399,Diogo Dalot,Manchester United,68,40,40,22,6,34,52,65.4,18,22,9,13,37,105,72,0
400,Matthijs de Ligt,Manchester United,30,22,17,12,1,23,32,71.9,9,29,21,8,33,63,96,0
401,Alejandro Garnacho,Manchester United,30,18,11,6,13,12,37,32.4,25,19,0,19,13,43,11,2
402,Rasmus Højlund,Manchester United,3,1,0,2,1,0,5,0,5,6,0,6,2,5,6,0
403,Manuel Ugarte Ribeiro,Manchester United,77,49,34,34,9,30,68,44.1,38,33,4,29,27,104,17,2
404,Amad Diallo,Manchester United,38,31,9,20,9,19,32,59.4,13,15,2,13,11,49,19,1
405,Lisandro Martínez,Manchester United,40,24,25,12,3,21,36,58.3,15,22,8,14,32,72,57,1
406,Harry Maguire,Manchester United,30,15,23,6,1,17,23,73.9,6,15,12,3,40,70,78,1
407,Kobbie Mainoo,Manchester United,46,29,18,14,14,24,40,60,16,16,2,14,19,65,14,1
408,Casemiro,Manchester United,83,50,50,23,10,45,74,60.8,29,39,10,29,14,97,51,3
409,Joshua Zirkzee,Manchester United,14,8,3,8,3,5,10,50,5,15,4,11,6,20,8,1
410,Leny Yoro,Manchester United,29,11,19,9,1,13,19,68.4,6,5,3,2,18,47,43,0
411,Marcus Rashford,Manchester United,7,4,2,2,3,3,9,33.3,6,8,0,8,4,11,7,0
412,Christian Eriksen,Manchester United,19,9,4,12,3,11,27,40.7,16,15,5,10,7,26,8,0
413,Patrick Dorgu,Manchester United,31,24,15,14,2,16,23,69.6,7,11,0,11,4,35,23,2
414,Mason Mount,Manchester United,15,5,5,8,2,9,12,75,3,11,1,10,4,19,4,0
415,Victor Lindelöf,Manchester United,7,2,5,1,1,3,4,75,1,6,4,2,8,15,36,2
416,Altay Bayındır,Manchester United,0,0,0,0,0,0,1,0,1,0,0,0,0,0,9,1
417,Luke Shaw,Manchester United,4,3,2,2,0,2,2,100,0,6,1,5,2,6,7,0
418,Harry Amass,Manchester United,6,2,5,1,0,2,8,25,6,11,1,10,2,8,11,0
419,Jonny Evans,Manchester United,8,6,4,4,0,3,6,50,3,3,2,1,5,13,15,0
420,Ayden Heaven,Manchester United,4,3,1,3,0,2,2,100,0,2,2,0,4,8,9,0
421,Tyler Fredricson,Manchester United,5,3,3,2,0,1,2,50,1,2,0,2,1,6,11,0
422,Tyrell Malacia,Manchester United,2,1,2,0,0,1,2,50,1,0,0,0,1,3,1,1
423,Chidozie Obi-Martin,Manchester United,2,1,0,0,2,2,2,100,0,0,0,0,0,2,1,0
424,Toby Collyer,Manchester United,12,9,6,6,0,5,6,83.3,1,2,1,1,2,14,3,0
425,Antony,Manchester United,6,3,4,2,0,2,5,40,3,2,0,2,2,8,0,0
426,Scott McTominay,Manchester United,0,0,0,0,0,0,1,0,1,0,0,0,0,0,1,0
429,Bruno Guimarães,Newcastle United,83,47,41,30,12,33,69,47.8,36,36,10,26,29,112,44,5
430,Dan Burn,Newcastle United,39,24,22,15,2,20,36,55.6,16,36,26,10,27,66,197,4
431,Alexander Isak,Newcastle United,12,5,2,3,7,5,15,33.3,10,18,2,16,3,15,17,1
432,Fabian Schär,Newcastle United,36,21,16,18,2,14,35,40,21,38,25,13,45,81,138,3
433,Valentino Livramento,Newcastle United,54,36,35,15,4,32,59,54.2,27,37,11,26,23,77,108,1
434,Jacob Murphy,Newcastle United,28,19,10,12,6,20,44,45.5,24,31,0,31,13,41,35,1
435,Joelinton,Newcastle United,57,35,23,23,11,25,44,56.8,19,37,7,30,23,80,47,2
436,Sandro Tonali,Newcastle United,51,32,22,23,6,25,51,49,26,34,11,23,34,85,33,2
437,Nick Pope,Newcastle United,0,0,0,0,0,0,0,0,0,1,0,1,1,1,32,5
438,Anthony Gordon,Newcastle United,32,18,9,18,5,12,37,32.4,25,25,2,23,7,39,9,3
439,Lewis Hall,Newcastle United,58,41,28,22,8,40,74,54.1,34,33,18,15,18,76,75,3
440,Harvey Barnes,Newcastle United,16,9,4,6,6,3,11,27.3,8,8,2,6,6,22,15,1
441,Kieran Trippier,Newcastle United,38,21,18,14,6,22,36,61.1,14,11,3,8,12,50,49,0
442,Joe Willock,Newcastle United,30,17,15,12,3,18,31,58.1,13,24,6,18,6,36,7,0
443,Martin Dúbravka,Newcastle United,0,0,0,0,0,0,0,0,0,0,0,0,0,0,3,0
444,Sean Longstaff,Newcastle United,27,16,10,9,8,18,27,66.7,9,17,5,12,7,34,8,0
445,Sven Botman,Newcastle United,12,9,6,5,1,7,9,77.8,2,5,4,1,5,17,25,1
446,Lloyd Kelly,Newcastle United,5,4,4,1,0,1,1,100,0,6,4,2,1,6,17,0
447,Callum Wilson,Newcastle United,2,2,0,1,1,0,2,0,2,2,0,2,1,3,1,0
448,Emil Krafth,Newcastle United,4,2,2,1,1,2,3,66.7,1,5,4,1,2,6,16,0
449,Lewis Miley,Newcastle United,14,11,5,7,2,7,14,50,7,5,1,4,2,16,5,2
450,Miguel Almirón,Newcastle United,3,2,2,0,1,2,3,66.7,1,2,0,2,0,3,0,0
451,William Osula,Newcastle United,2,0,1,0,1,0,2,0,2,0,0,0,4,6,2,0
452,Matt Targett,Newcastle United,0,0,0,0,0,0,1,0,1,0,0,0,1,1,1,0
455,Matz Sels,Nottingham Forest,1,1,1,0,0,1,1,100,0,0,0,0,0,1,26,1
456,Nikola Milenković,Nottingham Forest,51,29,36,13,2,27,34,79.4,7,41,24,17,27,78,209,1
457,Murillo,Nottingham Forest,53,36,38,12,3,27,46,58.7,19,69,45,24,36,89,249,3
458,Ola Aina,Nottingham Forest,55,42,39,15,1,36,64,56.3,28,34,12,22,33,88,115,4
459,Chris Wood,Nottingham Forest,6,5,2,2,2,3,11,27.3,8,12,7,5,5,11,29,1
460,Morgan Gibbs-White,Nottingham Forest,43,22,14,23,6,17,33,51.5,16,18,5,13,23,66,29,1
461,Elliot Anderson,Nottingham Forest,92,56,54,29,9,48,111,43.2,63,48,9,39,31,123,76,4
462,Anthony Elanga,Nottingham Forest,19,14,8,8,3,5,17,29.4,12,11,1,10,6,25,25,0
463,Neco Williams,Nottingham Forest,90,57,63,19,8,53,86,61.6,33,42,10,32,31,121,137,3
464,Callum Hudson-Odoi,Nottingham Forest,22,14,8,8,6,12,18,66.7,6,11,0,11,13,35,12,1
465,Nicolás Domínguez,Nottingham Forest,86,45,40,35,11,36,76,47.4,40,38,12,26,29,115,54,1
466,Ryan Yates,Nottingham Forest,42,21,24,14,4,17,37,45.9,20,38,10,28,26,68,61,1
467,Álex Moreno,Nottingham Forest,25,18,20,5,0,15,39,38.5,24,11,5,6,15,40,43,0
468,Ibrahim Sangaré,Nottingham Forest,28,14,8,17,3,8,17,47.1,9,10,4,6,6,34,13,1
469,Morato,Nottingham Forest,22,14,18,3,1,13,21,61.9,8,14,5,9,10,32,78,2
470,Jota Silva,Nottingham Forest,27,14,12,13,2,6,27,22.2,21,9,1,8,12,39,17,0
471,James Ward-Prowse,Nottingham Forest,4,1,1,3,0,2,2,100,0,3,2,1,5,9,8,0
472,Danilo,Nottingham Forest,8,4,7,1,0,3,6,50,3,2,1,1,4,12,3,0
473,Taiwo Awoniyi,Nottingham Forest,6,3,0,3,3,4,5,80,1,1,0,1,0,6,7,0
474,Ramón Sosa,Nottingham Forest,5,3,3,0,2,1,5,20,4,9,0,9,4,9,5,0
475,Willy Boly,Nottingham Forest,6,1,5,1,0,4,4,100,0,4,2,2,3,9,12,0
476,Harry Toffolo,Nottingham Forest,5,3,3,1,1,3,4,75,1,2,2,0,2,7,12,0
477,Eric da Silva Moreira,Nottingham Forest,2,2,2,0,0,2,6,33.3,4,0,0,0,1,3,0,0
480,Mateus Fernandes,Southampton,89,48,45,28,16,33,72,45.8,39,43,8,35,28,117,35,7
481,Kyle Walker-Peters,Southampton,44,29,22,15,7,16,35,45.7,19,27,15,12,19,63,90,1
482,Taylor Harwood-Bellis,Southampton,28,20,13,12,3,19,35,54.3,16,65,43,22,30,58,141,6
483,Aaron Ramsdale,Southampton,0,0,0,0,0,0,3,0,3,0,0,0,2,2,10,3
484,Jan Bednarek,Southampton,36,19,23,13,0,16,31,51.6,15,47,36,11,56,92,190,5
485,Flynn Downes,Southampton,49,25,23,21,5,15,36,41.7,21,28,9,19,32,81,51,4
486,Joe Aribo,Southampton,47,33,17,24,6,17,35,48.6,18,28,11,17,20,67,32,3
487,Tyler Dibling,Southampton,34,20,13,18,3,16,26,61.5,10,19,5,14,8,42,16,1
488,Lesley Ugochukwu,Southampton,50,24,16,30,4,18,36,50,18,27,10,17,14,64,23,2
489,Ryan Manning,Southampton,28,17,16,10,2,14,26,53.8,12,20,11,9,17,45,47,0
490,Kamaldeen Sulemana,Southampton,22,17,9,5,8,10,15,66.7,5,16,4,12,6,28,9,0
491,Jack Stephens,Southampton,34,20,25,9,0,17,30,56.7,13,20,13,7,13,47,53,2
492,Yukinari Sugawara,Southampton,31,18,16,14,1,19,31,61.3,12,21,10,11,11,42,53,3
493,Adam Armstrong,Southampton,12,3,2,7,3,3,14,21.4,11,6,1,5,3,15,8,0
494,Cameron Archer,Southampton,13,8,8,3,2,2,9,22.2,7,5,1,4,2,15,11,0
495,James Bree,Southampton,19,14,8,10,1,10,25,40,15,10,3,7,9,28,29,0
496,Paul Onuachu,Southampton,7,2,1,5,1,3,7,42.9,4,7,2,5,1,8,16,1
497,Nathan Wood-Gordon,Southampton,14,8,8,5,1,8,11,72.7,3,9,6,3,5,19,39,2
498,William Smallbone,Southampton,20,13,9,9,2,7,22,31.8,15,8,0,8,2,22,14,2
499,Welington,Southampton,21,9,15,5,1,12,19,63.2,7,5,1,4,7,28,36,0
500,Alex McCarthy,Southampton,0,0,0,0,0,0,0,0,0,0,0,0,0,0,1,4
501,Adam Lallana,Southampton,8,5,4,4,0,2,12,16.7,10,4,1,3,5,13,5,0
502,Ben Brereton,Southampton,3,2,0,2,1,1,9,11.1,8,2,1,1,0,3,4,0
503,Ross Stewart,Southampton,6,4,1,1,4,3,8,37.5,5,3,0,3,1,7,7,0
504,Ryan Fraser,Southampton,6,2,2,4,0,4,6,66.7,2,1,1,0,1,7,9,0
505,Charlie Taylor,Southampton,7,5,4,3,0,5,7,71.4,2,8,5,3,5,12,31,1
506,Joe Lumley,Southampton,0,0,0,0,0,0,0,0,0,0,0,0,0,0,3,3
507,Armel Bella Kotchap,Southampton,7,5,5,2,0,3,6,50,3,2,2,0,5,12,21,1
508,Albert Grønbaek,Southampton,4,1,1,1,2,3,10,30,7,1,1,0,0,4,1,0
509,Jay Robinson,Southampton,4,1,3,0,1,1,1,100,0,0,0,0,0,4,1,0
510,Maxwel Cornet,Southampton,5,5,1,4,0,0,4,0,4,0,0,0,0,5,2,0
511,Samuel Edozie,Southampton,3,1,0,1,2,2,2,100,0,0,0,0,0,3,0,0
512,Samuel Amo-Ameyaw,Southampton,1,0,0,1,0,1,1,100,0,0,0,0,0,1,0,0
513,Joachim Kayi Sanda,Southampton,0,0,0,0,0,0,0,0,0,0,0,0,2,2,0,0
514,Ronnie Edwards,Southampton,0,0,0,0,0,0,0,0,0,1,1,0,0,0,0,0
515,Carlos Alcaraz,Southampton,0,0,0,0,0,0,0,0,0,0,0,0,1,1,0,0
518,Pedro Porro,Tottenham,66,49,34,22,10,44,77,57.1,33,44,17,27,36,102,84,2
519,Dejan Kulusevski,Tottenham,45,23,17,13,15,19,51,37.3,32,34,5,29,13,58,10,1
520,Dominic Solanke,Tottenham,18,11,1,12,5,4,16,25,12,20,9,11,1,19,23,0
521,Brennan Johnson,Tottenham,39,26,9,20,10,16,34,47.1,18,25,3,22,4,43,14,0
522,Guglielmo Vicario,Tottenham,0,0,0,0,0,0,0,0,0,0,0,0,1,1,14,6
523,Son Heung-min,Tottenham,17,9,3,8,6,5,27,18.5,22,11,0,11,5,22,17,1
524,Destiny Udogie,Tottenham,75,47,42,26,7,33,48,68.8,15,40,6,34,22,97,36,1
525,Pape Matar Sarr,Tottenham,49,36,19,23,7,12,25,48,13,26,10,16,30,79,25,1
526,James Maddison,Tottenham,31,19,8,16,7,9,29,31,20,15,4,11,12,43,19,1
527,Rodrigo Bentancur,Tottenham,40,22,19,17,4,19,40,47.5,21,25,8,17,40,80,38,1
528,Djed Spence,Tottenham,47,34,25,15,7,23,30,76.7,7,28,9,19,21,68,74,2
529,Archie Gray,Tottenham,16,8,4,8,4,7,17,41.2,10,22,11,11,19,35,50,2
530,Cristian Romero,Tottenham,35,29,26,8,1,21,30,70,9,18,3,15,21,56,57,2
531,Yves Bissouma,Tottenham,49,31,20,25,4,19,34,55.9,15,11,6,5,18,67,40,4
532,Ben Davies,Tottenham,17,11,8,8,1,9,17,52.9,8,28,19,9,12,29,81,1
533,Radu Drăgușin,Tottenham,10,6,8,2,0,6,12,50,6,22,16,6,15,25,49,4
534,Micky van de Ven,Tottenham,10,6,5,4,1,8,14,57.1,6,12,8,4,10,20,39,1
535,Lucas Bergvall,Tottenham,39,19,14,20,5,17,32,53.1,15,18,8,10,24,63,22,3
536,Mathys Tel,Tottenham,16,6,5,6,5,5,13,38.5,8,8,1,7,2,18,8,2
537,Wilson Odobert,Tottenham,14,5,5,4,5,8,14,57.1,6,6,0,6,4,18,5,1
538,Kevin Danso,Tottenham,7,5,4,3,0,6,11,54.5,5,15,14,1,6,13,71,1
539,Fraser Forster,Tottenham,0,0,0,0,0,0,1,0,1,0,0,0,0,0,7,3
540,Antonín Kinský,Tottenham,3,1,3,0,0,1,1,100,0,0,0,0,0,3,9,1
541,Timo Werner,Tottenham,6,4,3,3,0,3,13,23.1,10,10,1,9,1,7,7,0
542,Richarlison,Tottenham,5,3,0,4,1,0,3,0,3,1,1,0,0,5,8,0
543,Mikey Moore,Tottenham,2,1,2,0,0,0,4,0,4,2,0,2,1,3,4,0
544,Sergio Reguilón,Tottenham,4,3,1,3,0,2,5,40,3,7,0,7,4,8,8,0
545,Brandon Austin,Tottenham,0,0,0,0,0,0,0,0,0,0,0,0,0,0,1,0
546,Dane Scarlett,Tottenham,1,0,0,1,0,0,0,0,0,0,0,0,0,1,1,0
547,Alfie Dorrington,Tottenham,0,0,0,0,0,0,0,0,0,0,0,0,0,0,0,0
548,Will Lankshear,Tottenham,0,0,0,0,0,0,0,0,0,0,0,0,0,0,0,0
551,Max Kilman,West Ham,39,24,16,20,3,23,27,85.2,4,58,40,18,38,77,212,6
552,Aaron Wan-Bissaka,West Ham,70,49,33,32,5,23,32,71.9,9,37,11,26,66,136,125,0
553,Jarrod Bowen,West Ham,41,26,13,12,16,19,40,47.5,21,22,4,18,16,57,25,0
554,Mohammed Kudus,West Ham,38,23,9,18,11,10,27,37,17,24,1,23,4,42,8,2
555,Tomáš Souček,West Ham,46,21,20,23,3,26,44,59.1,18,41,21,20,20,66,85,1
556,Lucas Paquetá,West Ham,66,37,25,30,11,27,55,49.1,28,29,4,25,18,84,37,6
557,Emerson Palmieri,West Ham,60,31,37,18,5,27,48,56.3,21,32,8,24,21,81,59,0
558,Alphonse Areola,West Ham,2,2,2,0,0,2,3,66.7,1,0,0,0,0,2,15,3
559,Konstantinos Mavropanos,West Ham,35,24,24,10,1,16,27,59.3,11,25,18,7,40,75,126,1
560,Jean-Clair Todibo,West Ham,47,28,30,15,2,26,36,72.2,10,25,13,12,26,73,83,3
561,Edson Álvarez,West Ham,50,27,27,15,8,17,35,48.6,18,23,8,15,18,68,46,1
562,Guido Rodríguez,West Ham,36,19,21,15,0,17,33,51.5,16,23,9,14,13,49,35,1
563,Carlos Soler,West Ham,16,11,9,6,1,7,23,30.4,16,19,6,13,8,24,21,2
564,Łukasz Fabiański,West Ham,0,0,0,0,0,0,1,0,1,0,0,0,0,0,5,1
565,James Ward-Prowse,West Ham,20,14,8,8,4,7,19,36.8,12,6,3,3,8,28,15,0
566,Vladimír Coufal,West Ham,22,15,13,7,2,10,22,45.5,12,13,11,2,8,30,39,1
567,Michail Antonio,West Ham,2,2,0,1,1,2,3,66.7,1,6,0,6,0,2,2,0
568,Aaron Cresswell,West Ham,11,7,5,5,1,9,11,81.8,2,9,4,5,8,19,37,0
569,Crysencio Summerville,West Ham,13,7,2,8,3,3,9,33.3,6,13,4,9,0,13,7,0
570,Oliver Scarles,West Ham,21,11,17,3,1,14,22,63.6,8,14,2,12,11,32,26,0
571,Niclas Füllkrug,West Ham,4,3,0,1,3,3,4,75,1,1,0,1,1,5,16,0
572,Danny Ings,West Ham,4,2,2,2,0,1,3,33.3,2,5,0,5,1,5,4,0
573,Andy Irving,West Ham,7,4,3,3,1,1,5,20,4,5,1,4,1,8,5,0
574,Evan Ferguson,West Ham,3,1,0,1,2,0,0,0,0,2,1,1,1,4,1,0
575,Luis Guilherme,West Ham,1,0,1,0,0,0,3,0,3,7,0,7,3,4,2,0
576,Lewis Orford,West Ham,0,0,0,0,0,0,0,0,0,1,0,1,1,1,0,0
577,Kaelan Casey,West Ham,0,0,0,0,0,0,0,0,0,0,0,0,0,0,1,0
580,Rayan Aït-Nouri,Wolves,89,57,52,28,9,43,70,61.4,27,42,6,36,26,115,75,2
581,João Gomes,Wolves,116,71,55,53,8,48,110,43.6,62,42,4,38,25,141,33,0
582,Nélson Semedo,Wolves,62,36,32,21,9,34,57,59.6,23,32,10,22,23,85,104,3
583,André,Wolves,91,55,41,41,9,37,63,58.7,26,42,8,34,37,128,30,1
584,Toti Gomes,Wolves,61,43,42,15,4,37,46,80.4,9,29,17,12,25,86,152,5
585,Jørgen Strand Larsen,Wolves,10,6,2,3,5,4,27,14.8,23,19,4,15,6,16,29,0
586,José Sá,Wolves,2,2,2,0,0,2,2,100,0,0,0,0,0,2,15,1
587,Matheus Cunha,Wolves,38,22,17,16,5,13,39,33.3,26,21,1,20,17,55,23,0
588,Matt Doherty,Wolves,38,21,25,13,0,17,25,68,8,28,15,13,22,60,102,3
589,Jean-Ricner Bellegarde,Wolves,39,24,17,19,3,14,20,70,6,19,3,16,10,49,18,1
590,Santiago Bueno,Wolves,41,21,22,18,1,17,22,77.3,5,36,21,15,15,56,70,0
591,Emmanuel Agbadou,Wolves,30,19,21,9,0,13,20,65,7,19,13,6,12,42,90,0
592,Mario Lemina,Wolves,51,31,27,19,5,20,29,69,9,12,7,5,27,78,50,3
593,Marshall Munetsi,Wolves,24,10,7,11,6,13,23,56.5,10,14,1,13,6,30,18,0
594,Gonçalo Guedes,Wolves,16,5,2,6,8,4,16,25,12,11,0,11,5,21,4,0
595,Craig Dawson,Wolves,15,3,8,6,1,12,15,80,3,16,11,5,9,24,52,1
596,Pablo Sarabia,Wolves,16,8,4,8,4,10,16,62.5,6,10,0,10,4,20,7,1
597,Rodrigo Gomes,Wolves,23,15,14,9,0,12,21,57.1,9,8,1,7,7,30,20,1
598,Sam Johnstone,Wolves,0,0,0,0,0,0,1,0,1,0,0,0,0,0,7,0
599,Hwang Hee-chan,Wolves,6,4,2,1,3,2,6,33.3,4,9,0,9,2,8,11,0
600,Yerson Mosquera,Wolves,11,7,9,2,0,9,14,64.3,5,13,10,3,10,21,14,0
601,Tommy Doyle,Wolves,11,6,6,3,2,6,15,40,9,11,5,6,5,16,11,1
602,Daniel Bentley,Wolves,0,0,0,0,0,0,0,0,0,0,0,0,0,0,1,0
603,Carlos Forbs,Wolves,8,5,5,2,1,4,6,66.7,2,3,0,3,1,9,2,1
604,Pedro Lima,Wolves,1,0,0,0,1,1,3,33.3,2,0,0,0,2,3,5,0
605,Nasser Djiga,Wolves,0,0,0,0,0,0,1,0,1,0,0,0,2,2,4,1
606,Daniel Podence,Wolves,0,0,0,0,0,0,1,0,1,0,0,0,0,0,0,0
607,Chiquinho,Wolves,0,0,0,0,0,0,0,0,0,0,0,0,0,0,0,0
608,Mateus Mane,Wolves,0,0,0,0,0,0,0,0,0,1,0,1,0,0,0,0
609,Tom King,Wolves,0,0,0,0,0,0,0,0,0,0,0,0,0,0,0,0
610,Alfie Pond,Wolves,0,0,0,0,0,0,0,0,0,0,0,0,0,0,0,0
611,Boubacar Traoré,Wolves,2,0,0,2,0,1,1,100,0,0,0,0,0,2,0,0
